010101
ZZZZZZ
010105
010105
010105
010105
YYYYYY
010105
010105
010105
01GGGG
010105
010105
010105
010105
010105
010105
010105
0401ZZ
010105
010106
010106
010106
010206
01GH16
010206
010206
010206
010206
010211
010212
01SS12
010206
010206
020106
020117
020606
030101
030101
030105
030105
030105
030105
030105
030105
090909
039905
030105
030105
030105
030189
030105
030105
030105
030106
0302BB
030201
07020Z
030201
030206
030206
030306
030306
030316
030306
030306
030307
030307
030307
030307
030308
030309
030309
030309
030709
030309
030309
030309
030309
030309
030309
030309
030309
030309
031319
030309
030310